
=== Income Statement ===

                            2026-01-31    2026-02-28    2026-03-31    2026-04-30    2026-05-31    2026-06-30
------------------------------------------------------------------------------------------------------------
Revenue                          1,000         1,004         1,008         1,012         1,016         1,021
COGS                             (300)         (301)         (302)         (304)         (305)         (306)
Gross Profit                       700           703           706           708           711           714
Opex                             (200)         (200)         (200)         (200)         (200)         (200)
Depreciation                      (83)          (83)          (83)          (83)          (82)          (82)
EBT                                417           420           423           426           429           432
Tax                               (83)          (84)          (85)          (85)          (86)          (86)
Net Income                         333           336           338           341           343           346

=== Cash Flow Statement ===

                            2026-01-31    2026-02-28    2026-03-31    2026-04-30    2026-05-31    2026-06-30
------------------------------------------------------------------------------------------------------------
CF Operations                      417           419           421           423           426           428
Capex                             (50)          (50)          (50)          (51)          (51)          (51)
CF Financing                         0             0             0             0             0             0
Net Cash Change                    367           369           371           373           375           377

=== Balance Sheet ===

                            2025-12-31    2026-01-31    2026-02-28    2026-03-31    2026-04-30    2026-05-31    2026-06-30
--------------------------------------------------------------------------------------------------------------------------
Cash                             1,000         1,367         1,735         2,106         2,479         2,853         3,230
PPE Net                         10,000         9,967         9,934         9,901         9,870         9,838         9,807
Total Assets                    11,000        11,333        11,669        12,007        12,348        12,691        13,037
Common Stock                     5,000         5,000         5,000         5,000         5,000         5,000         5,000
Retained Earnings                6,000         6,333         6,669         7,007         7,348         7,691         8,037
Total Equity                    11,000        11,333        11,669        12,007        12,348        12,691        13,037
Balance Check                        0             0             0             0             0             0             0

